Year	|	constant	|	variable	|	profit	|	add_cc	|	add_vc	|	val_of_year_prod	|	por	|	poa	|	rop	|	occ	|	total profit	|	
1		|	200000.00	|	100000.00	|	75000.00	|	20000.00	|	5000.00	|	400000.00	|	0.75	|	0.25	|	0.33	|	2.00	|	75000.00	|	
2		|	220000.00	|	105000.00	|	75500.00	|	24000.00	|	20620.02	|	430000.00	|	0.72	|	0.42	|	0.32	|	2.10	|	150500.00	|	
3		|	244000.00	|	125620.02	|	74138.00	|	28800.00	|	22682.02	|	495240.03	|	0.59	|	0.41	|	0.34	|	1.94	|	224638.00	|	
4		|	272800.00	|	148302.03	|	88791.81	|	34560.00	|	24950.22	|	569404.07	|	0.60	|	0.40	|	0.35	|	1.84	|	313429.81	|	
5		|	307360.00	|	173252.25	|	104335.01	|	41472.00	|	27445.24	|	653864.50	|	0.60	|	0.40	|	0.36	|	1.77	|	417764.82	|	
6		|	348832.00	|	200697.49	|	120741.33	|	49766.40	|	30189.76	|	750226.99	|	0.60	|	0.40	|	0.37	|	1.74	|	538506.15	|	
7		|	398598.40	|	230887.26	|	137958.84	|	59719.68	|	33208.74	|	860372.91	|	0.60	|	0.40	|	0.37	|	1.73	|	676464.99	|	
8		|	458318.08	|	264096.00	|	155902.77	|	71663.62	|	36529.62	|	986510.08	|	0.59	|	0.41	|	0.37	|	1.74	|	832367.75	|	
9		|	529981.70	|	300625.61	|	174446.70	|	85996.34	|	40182.58	|	1131232.92	|	0.58	|	0.42	|	0.36	|	1.76	|	1006814.45	|	
10		|	615978.04	|	340808.19	|	193411.75	|	103195.61	|	44200.83	|	1297594.42	|	0.57	|	0.43	|	0.36	|	1.81	|	1200226.20	|	
11		|	719173.64	|	385009.03	|	212553.38	|	123834.73	|	48620.92	|	1489191.69	|	0.55	|	0.45	|	0.35	|	1.87	|	1412779.58	|	
12		|	843008.37	|	433629.94	|	231545.26	|	148601.67	|	53483.01	|	1710268.26	|	0.53	|	0.47	|	0.34	|	1.94	|	1644324.84	|	
13		|	991610.04	|	487112.95	|	249959.63	|	178322.01	|	58831.31	|	1965835.95	|	0.51	|	0.49	|	0.33	|	2.04	|	1894284.48	|	
14		|	1169932.05	|	545944.27	|	267243.41	|	213986.41	|	64714.44	|	2261820.59	|	0.49	|	0.51	|	0.32	|	2.14	|	2161527.89	|	
15		|	1383918.46	|	610658.71	|	282689.13	|	256783.69	|	71185.89	|	2605235.88	|	0.46	|	0.54	|	0.31	|	2.27	|	2444217.02	|	
16		|	1640702.16	|	681844.59	|	295399.69	|	308140.43	|	78304.48	|	3004391.35	|	0.43	|	0.57	|	0.29	|	2.41	|	2739616.71	|	
17		|	1948842.59	|	760149.07	|	304245.63	|	369768.52	|	86134.92	|	3469140.73	|	0.40	|	0.60	|	0.28	|	2.56	|	3043862.33	|	
18		|	2318611.11	|	846283.99	|	307813.36	|	443722.22	|	94748.41	|	4011179.09	|	0.36	|	0.64	|	0.27	|	2.74	|	3351675.69	|	
19		|	2762333.33	|	941032.41	|	304342.48	|	532466.67	|	104223.26	|	4644398.14	|	0.32	|	0.68	|	0.25	|	2.94	|	3656018.18	|	
20		|	3294799.99	|	1045255.66	|	291650.08	|	638960.00	|	114645.58	|	5385311.32	|	0.28	|	0.72	|	0.24	|	3.15	|	3947668.26	|	
21		|	3933759.99	|	1159901.25	|	267039.11	|	766752.00	|	126110.14	|	6253562.48	|	0.23	|	0.77	|	0.23	|	3.39	|	4214707.36	|	
22		|	4700511.99	|	1286011.39	|	227187.83	|	920102.40	|	138721.15	|	7272534.76	|	0.18	|	0.82	|	0.21	|	3.66	|	4441895.20	|	
23		|	5620614.39	|	1424732.54	|	168016.39	|	1104122.88	|	152593.27	|	8470079.47	|	0.12	|	0.88	|	0.20	|	3.95	|	4609911.59	|	
24		|	6724737.27	|	1577325.81	|	84525.76	|	1324947.45	|	167852.60	|	9879388.88	|	0.05	|	0.95	|	0.19	|	4.26	|	4694437.35	|	
25		|	7244716.25	|	1657919.49	|	0.00	|	1589936.94	|	184637.86	|	10647814.14	|	0.00	|	1.02	|	0.20	|	4.61	|	4778963.11	|	
26		|	7951187.87	|	1750429.47	|	0.00	|	1907924.33	|	203101.64	|	11544174.69	|	0.00	|	1.15	|	0.19	|	4.79	|	4778963.11	|	
27		|	8873200.99	|	1855854.56	|	0.00	|	2289509.20	|	2130257.89	|	12682586.66	|	0.00	|	2.26	|	0.18	|	5.05	|	4778963.11	|	
28		|	10046439.17	|	3786806.83	|	0.00	|	2747411.04	|	2343283.68	|	17819358.45	|	0.00	|	1.28	|	0.29	|	2.80	|	4778963.11	|	
29		|	12793850.21	|	6130090.51	|	255585.22	|	3296893.25	|	2577612.05	|	25054031.23	|	0.04	|	0.96	|	0.32	|	2.09	|	5034548.32	|	
30		|	16090743.45	|	8707702.57	|	1916057.41	|	3956271.90	|	2835373.26	|	33506148.58	|	0.22	|	0.78	|	0.35	|	1.85	|	6950605.73	|	
31		|	20047015.35	|	11543075.82	|	3676638.96	|	4747526.28	|	3118910.58	|	43133166.99	|	0.32	|	0.68	|	0.37	|	1.74	|	10627244.70	|	
32		|	24794541.63	|	14661986.40	|	5534153.23	|	5697031.53	|	3430801.64	|	54118514.43	|	0.38	|	0.62	|	0.37	|	1.69	|	16161397.93	|	
33		|	30491573.16	|	18092788.04	|	7482468.40	|	6836437.84	|	3773881.80	|	66677149.24	|	0.41	|	0.59	|	0.37	|	1.69	|	23643866.33	|	
34		|	37328010.99	|	21866669.85	|	9511674.46	|	8203725.40	|	4151269.98	|	81061350.69	|	0.43	|	0.57	|	0.37	|	1.71	|	33155540.79	|	
35		|	45531736.40	|	26017939.83	|	11607072.36	|	9844470.49	|	4566396.98	|	97567616.06	|	0.45	|	0.55	|	0.36	|	1.75	|	44762613.16	|	
36		|	55376206.89	|	30584336.82	|	13747935.55	|	11813364.58	|	5023036.68	|	116544880.52	|	0.45	|	0.55	|	0.36	|	1.81	|	58510548.71	|	
37		|	67189571.47	|	35607373.50	|	15905995.65	|	14176037.50	|	5525340.35	|	138404318.46	|	0.45	|	0.55	|	0.35	|	1.89	|	74416544.36	|	
38		|	81365608.97	|	41132713.85	|	18043594.46	|	17011245.00	|	6077874.38	|	163631036.66	|	0.44	|	0.56	|	0.34	|	1.98	|	92460138.82	|	
39		|	98376853.97	|	47210588.23	|	20111432.41	|	20413494.00	|	6685661.82	|	192798030.43	|	0.43	|	0.57	|	0.32	|	2.08	|	112571571.23	|	
40		|	118790347.97	|	53896250.05	|	22045829.25	|	24496192.80	|	7354228.01	|	226582848.08	|	0.41	|	0.59	|	0.31	|	2.20	|	134617400.48	|	
41		|	143286540.77	|	61250478.06	|	23765395.89	|	29395431.36	|	8089650.81	|	265787496.89	|	0.39	|	0.61	|	0.30	|	2.34	|	158382796.37	|	
42		|	172681972.13	|	69340128.87	|	25166995.35	|	35274517.63	|	8898615.89	|	311362229.86	|	0.36	|	0.64	|	0.29	|	2.49	|	183549791.72	|	
43		|	207956489.76	|	78238744.75	|	26120846.12	|	42329421.16	|	9788477.48	|	364433979.26	|	0.33	|	0.67	|	0.27	|	2.66	|	209670637.84	|	
44		|	250285910.91	|	88027222.23	|	26464591.62	|	50795305.39	|	10767325.22	|	426340355.37	|	0.30	|	0.70	|	0.26	|	2.84	|	236135229.46	|	
45		|	301081216.30	|	98794547.45	|	25996123.24	|	60954366.47	|	11844057.74	|	498670311.20	|	0.26	|	0.74	|	0.25	|	3.05	|	262131352.69	|	
46		|	362035582.77	|	110638605.19	|	24464901.92	|	73145239.76	|	13028463.52	|	583312793.16	|	0.22	|	0.78	|	0.23	|	3.27	|	286596254.61	|	
47		|	435180822.53	|	123667068.71	|	21561471.13	|	87774287.71	|	14331309.87	|	682514959.96	|	0.17	|	0.83	|	0.22	|	3.52	|	308157725.74	|	
48		|	522955110.24	|	137998378.59	|	16904792.47	|	105329145.25	|	15764440.86	|	798951867.41	|	0.12	|	0.88	|	0.21	|	3.79	|	325062518.21	|	
49		|	628284255.50	|	153762819.44	|	10026960.19	|	126394974.31	|	17340884.94	|	935809894.38	|	0.07	|	0.93	|	0.20	|	4.09	|	335089478.41	|	
50		|	754679229.80	|	171103704.39	|	354761.78	|	151673969.17	|	19074973.44	|	1096886638.58	|	0.00	|	1.00	|	0.18	|	4.41	|	335444240.19	|	
51		|	815717879.07	|	180669743.94	|	0.00	|	182008763.00	|	20982470.78	|	1186566300.83	|	0.00	|	1.07	|	0.19	|	4.77	|	335799001.97	|	
52		|	897953977.87	|	191569603.98	|	0.00	|	218410515.60	|	23080717.86	|	1291175796.56	|	0.00	|	1.20	|	0.19	|	4.95	|	335799001.97	|	
53		|	1004728044.12	|	203917805.75	|	0.00	|	262092618.72	|	25388789.65	|	1423296171.71	|	0.00	|	1.34	|	0.18	|	5.20	|	335799001.97	|	
54		|	1140138596.56	|	217841265.63	|	0.00	|	314511142.46	|	294196288.93	|	1587286457.58	|	0.00	|	2.65	|	0.17	|	5.52	|	335799001.97	|	
55		|	1309184765.12	|	486435676.83	|	0.00	|	377413370.96	|	323615917.82	|	2307657996.51	|	0.00	|	1.37	|	0.29	|	2.84	|	335799001.97	|	
56		|	1686598136.07	|	810051594.66	|	1178039.90	|	452896045.15	|	355977509.61	|	3306701325.38	|	0.00	|	1.00	|	0.32	|	2.08	|	336977041.87	|	
57		|	2139494181.22	|	1166029104.26	|	230978589.52	|	543475254.18	|	391575260.57	|	4471552389.75	|	0.20	|	0.80	|	0.35	|	1.83	|	567955631.39	|	
58		|	2682969435.40	|	1557604364.83	|	474701273.19	|	652170305.01	|	430732786.62	|	5798178165.06	|	0.30	|	0.70	|	0.37	|	1.72	|	1042656904.58	|	
59		|	3335139740.41	|	1988337151.45	|	731926720.15	|	782604366.02	|	473806065.29	|	7311814043.32	|	0.37	|	0.63	|	0.37	|	1.68	|	1774583624.73	|	
60		|	4117744106.43	|	2462143216.74	|	1001831305.71	|	939125239.22	|	521186671.82	|	9042030539.91	|	0.41	|	0.59	|	0.37	|	1.67	|	2776414930.44	|	
61		|	5056869345.65	|	2983329888.56	|	1283074262.50	|	1126950287.06	|	573305339.00	|	11023529122.76	|	0.43	|	0.57	|	0.37	|	1.70	|	4059489192.93	|	
62		|	6183819632.71	|	3556635227.55	|	1573659010.18	|	1352340344.48	|	630635872.90	|	13297090087.82	|	0.44	|	0.56	|	0.37	|	1.74	|	5633148203.11	|	
63		|	7536159977.19	|	4187271100.45	|	1870763226.89	|	1622808413.37	|	693699460.19	|	15910702178.09	|	0.45	|	0.55	|	0.36	|	1.80	|	7503911430.01	|	
64		|	9158968390.56	|	4880970560.64	|	2170531058.39	|	1947370096.05	|	763069406.21	|	18920909511.83	|	0.44	|	0.56	|	0.35	|	1.88	|	9674442488.39	|	
65		|	11106338486.61	|	5644039966.84	|	2467819504.76	|	2336844115.25	|	839376346.83	|	22394418420.29	|	0.44	|	0.56	|	0.34	|	1.97	|	12142261993.16	|	
66		|	13443182601.86	|	6483416313.67	|	2755889393.85	|	2804212938.31	|	923313981.51	|	26410015229.20	|	0.43	|	0.57	|	0.33	|	2.07	|	14898151387.01	|	
67		|	16247395540.17	|	7406730295.18	|	3026029389.55	|	3365055525.97	|	1015645379.66	|	31060856130.52	|	0.41	|	0.59	|	0.31	|	2.19	|	17924180776.56	|	
68		|	19612451066.13	|	8422375674.84	|	3267099126.05	|	4038066631.16	|	1117209917.63	|	36457202415.80	|	0.39	|	0.61	|	0.30	|	2.33	|	21191279902.61	|	
69		|	23650517697.29	|	9539585592.46	|	3464974725.68	|	4845679957.39	|	1228930909.39	|	42729688882.21	|	0.36	|	0.64	|	0.29	|	2.48	|	24656254628.29	|	
70		|	28496197654.68	|	10768516501.85	|	3601876552.65	|	5814815948.87	|	1351824000.33	|	50033230658.38	|	0.33	|	0.67	|	0.27	|	2.65	|	28258131180.95	|	
71		|	34311013603.55	|	12120340502.17	|	3655554963.17	|	6977779138.64	|	1487006400.36	|	58551694607.90	|	0.30	|	0.70	|	0.26	|	2.83	|	31913686144.12	|	
72		|	41288792742.20	|	13607346902.53	|	3598304895.77	|	8373334966.37	|	1635707040.39	|	68503486547.26	|	0.26	|	0.74	|	0.25	|	3.03	|	35511991039.88	|	
73		|	49662127708.57	|	15243053942.93	|	3395774238.85	|	10048001959.65	|	1799277744.43	|	80148235594.43	|	0.22	|	0.78	|	0.23	|	3.26	|	38907765278.73	|	
74		|	59710129668.22	|	17042331687.36	|	3005523816.91	|	12057602351.58	|	1979205518.88	|	93794793042.94	|	0.18	|	0.82	|	0.22	|	3.50	|	41913289095.64	|	
75		|	71767732019.80	|	19021537206.24	|	2375288313.58	|	14469122821.89	|	2177126070.77	|	109810806432.28	|	0.12	|	0.88	|	0.21	|	3.77	|	44288577409.22	|	
76		|	86236854841.69	|	21198663277.01	|	1440877212.89	|	17362947386.27	|	2394838677.84	|	128634181395.70	|	0.07	|	0.93	|	0.20	|	4.07	|	45729454622.11	|	
77		|	103599802227.96	|	23593501954.85	|	123642545.70	|	20835536863.53	|	2634322545.63	|	150786806137.65	|	0.01	|	0.99	|	0.19	|	4.39	|	45853097167.81	|	
78		|	111991805182.34	|	24916433275.45	|	0.00	|	25002644236.23	|	2897754800.19	|	163136062958.26	|	0.00	|	1.06	|	0.19	|	4.74	|	45976739713.50	|	
79		|	123295004476.71	|	26423478671.86	|	0.00	|	30003173083.48	|	3187530280.21	|	177532671224.21	|	0.00	|	1.19	|	0.19	|	4.93	|	45976739713.50	|	
80		|	137968359804.17	|	28130458504.46	|	0.00	|	36003807700.17	|	3506283308.23	|	195709827260.69	|	0.00	|	1.33	|	0.18	|	5.18	|	45976739713.50	|	
81		|	156574950753.91	|	30054904722.06	|	0.00	|	43204569240.21	|	40404350736.64	|	218266597288.65	|	0.00	|	2.64	|	0.17	|	5.50	|	45976739713.50	|	
82		|	179801567994.70	|	66936292685.76	|	0.00	|	51845483088.25	|	44444785810.31	|	317197116139.16	|	0.00	|	1.37	|	0.29	|	2.84	|	45976739713.50	|	
83		|	231647051082.95	|	111381078496.07	|	277234398.83	|	62214579705.90	|	48889264391.34	|	454409208075.08	|	0.00	|	1.00	|	0.32	|	2.08	|	46253974112.34	|	
84		|	293861630788.84	|	160270342887.40	|	31834656409.86	|	74657495647.08	|	53778190830.47	|	614402316563.65	|	0.20	|	0.80	|	0.35	|	1.83	|	78088630522.20	|	
85		|	368519126435.92	|	214048533717.88	|	65303529027.87	|	89588994776.49	|	59156009913.52	|	796616193871.67	|	0.31	|	0.69	|	0.37	|	1.72	|	143392159550.06	|	
86		|	458108121212.41	|	273204543631.39	|	100626138994.73	|	107506793731.79	|	65071610904.87	|	1004517208475.20	|	0.37	|	0.63	|	0.37	|	1.68	|	244018298544.80	|	
87		|	565614914944.20	|	338276154536.26	|	137689230062.76	|	129008152478.15	|	71578771995.36	|	1242167224016.72	|	0.41	|	0.59	|	0.37	|	1.67	|	381707528607.55	|	
88		|	694623067422.35	|	409854926531.62	|	176308494362.95	|	154809782973.78	|	78736649194.89	|	1514332920485.58	|	0.43	|	0.57	|	0.37	|	1.69	|	558016022970.50	|	
89		|	849432850396.13	|	488591575726.51	|	216209522043.60	|	185771739568.53	|	86610314114.38	|	1826616001849.14	|	0.44	|	0.56	|	0.37	|	1.74	|	774225545014.10	|	
90		|	1035204589964.66	|	575201889840.89	|	257004456832.83	|	222926087482.24	|	95271345525.82	|	2185608369646.44	|	0.45	|	0.55	|	0.36	|	1.80	|	1031230001846.93	|	
91		|	1258130677446.90	|	670473235366.71	|	298163450309.62	|	267511304978.69	|	104798480078.40	|	2599077148180.31	|	0.44	|	0.56	|	0.35	|	1.88	|	1329393452156.55	|	
92		|	1525641982425.58	|	775271715445.11	|	338979821384.44	|	321013565974.42	|	115278328086.24	|	3076185413315.80	|	0.44	|	0.56	|	0.34	|	1.97	|	1668373273541.00	|	
93		|	1846655548400.01	|	890550043531.35	|	378527603467.18	|	385216279169.31	|	126806160894.86	|	3627755635462.70	|	0.43	|	0.57	|	0.33	|	2.07	|	2046900877008.17	|	
94		|	2231871827569.31	|	1017356204426.21	|	415609892438.69	|	462259535003.17	|	139486776984.35	|	4266584236421.74	|	0.41	|	0.59	|	0.31	|	2.19	|	2462510769446.86	|	
95		|	2694131362572.48	|	1156842981410.57	|	448696084723.97	|	554711442003.80	|	153435454682.79	|	5007817325393.62	|	0.39	|	0.61	|	0.30	|	2.33	|	2911206854170.84	|	
96		|	3248842804576.29	|	1310278436093.35	|	475845705537.72	|	665653730404.56	|	168779000151.06	|	5869399676762.99	|	0.36	|	0.64	|	0.29	|	2.48	|	3387052559708.56	|	
97		|	3914496534980.85	|	1479057436244.42	|	494616059592.77	|	798784476485.48	|	185656900166.17	|	6872611407469.69	|	0.33	|	0.67	|	0.27	|	2.65	|	3881668619301.33	|	
98		|	4713281011466.33	|	1664714336410.59	|	501950374445.23	|	958541371782.57	|	204222590182.79	|	8042709684287.51	|	0.30	|	0.70	|	0.26	|	2.83	|	4383618993746.56	|	
99		|	5671822383248.90	|	1868936926593.38	|	494042431253.22	|	1150249646139.09	|	224644849201.07	|	9409696236435.66	|	0.26	|	0.74	|	0.25	|	3.03	|	4877661424999.78	|	
100		|	6822072029387.99	|	2093581775794.44	|	466172866306.36	|	1380299575366.91	|	247109334121.17	|	11009235580976.88	|	0.22	|	0.78	|	0.23	|	3.26	|	5343834291306.14	|	
101		|	8202371604754.90	|	2340691109915.62	|	412511351942.04	|	1656359490440.29	|	271820267533.29	|	12883753824586.13	|	0.18	|	0.82	|	0.22	|	3.50	|	5756345643248.18	|	
102		|	9858731095195.18	|	2612511377448.91	|	325877694633.95	|	1987631388528.34	|	299002294286.62	|	15083753850093.00	|	0.12	|	0.88	|	0.21	|	3.77	|	6082223337882.13	|	
103		|	11846362483723.53	|	2911513671735.53	|	197453481786.24	|	2385157666234.01	|	328902523715.28	|	17669389827194.59	|	0.07	|	0.93	|	0.20	|	4.07	|	6279676819668.36	|	
104		|	14231520149957.54	|	3240416195450.81	|	16434219883.19	|	2862189199480.81	|	361792776086.81	|	20712352540859.16	|	0.01	|	0.99	|	0.19	|	4.39	|	6296111039551.55	|	
105		|	15384338414494.52	|	3422098522960.74	|	0.00	|	3434627039376.98	|	397972053695.49	|	22408645908992.89	|	0.00	|	1.06	|	0.19	|	4.75	|	6312545259434.74	|	
106		|	16937068908484.34	|	3629067047823.43	|	0.00	|	4121552447252.37	|	437769259065.04	|	24386206532964.01	|	0.00	|	1.19	|	0.19	|	4.93	|	6312545259434.74	|	
107		|	18952759220163.04	|	3863494491544.04	|	0.00	|	4945862936702.85	|	481546184971.55	|	26883090018595.55	|	0.00	|	1.33	|	0.18	|	5.18	|	6312545259434.74	|	
108		|	21508759941179.30	|	4127788642689.81	|	0.00	|	5935035524043.42	|	5550428796399.43	|	29981589260384.70	|	0.00	|	2.64	|	0.17	|	5.50	|	6312545259434.74	|	
109		|	24699415918700.45	|	9194306567134.78	|	0.00	|	7122042628852.10	|	6105471676039.38	|	43571939924924.47	|	0.00	|	1.37	|	0.29	|	2.84	|	6312545259434.74	|	
110		|	31821458547552.54	|	15299778243174.16	|	37308244908.33	|	8546451154622.52	|	6716018843643.32	|	62421015033900.86	|	0.00	|	1.00	|	0.32	|	2.08	|	6349853504343.07	|	
111		|	40367909702175.06	|	22015797086817.48	|	4372434973262.81	|	10255741385547.02	|	7387620728007.65	|	84399503875810.02	|	0.20	|	0.80	|	0.35	|	1.83	|	10722288477605.88	|	
112		|	50623651087722.08	|	29403417814825.12	|	8970145351360.29	|	12306889662656.42	|	8126382800808.41	|	109430486717372.33	|	0.31	|	0.69	|	0.37	|	1.72	|	19692433828966.17	|	
113		|	62930540750378.50	|	37529800615633.54	|	13822511939556.57	|	14768267595187.71	|	8939021080889.26	|	137990141981645.56	|	0.37	|	0.63	|	0.37	|	1.68	|	33514945768522.74	|	
114		|	77698808345566.20	|	46468821696522.80	|	18913977393319.37	|	17721921114225.25	|	9832923188978.18	|	170636451738611.81	|	0.41	|	0.59	|	0.37	|	1.67	|	52428923161842.11	|	
115		|	95420729459791.45	|	56301744885500.98	|	24219224040554.68	|	21266305337070.30	|	10816215507876.00	|	208024219230793.41	|	0.43	|	0.57	|	0.37	|	1.69	|	76648147202396.78	|	
116		|	116687034796861.75	|	67117960393376.98	|	29700556930229.02	|	25519566404484.36	|	11897837058663.60	|	250922955583615.69	|	0.44	|	0.56	|	0.37	|	1.74	|	106348704132625.80	|	
117		|	142206601201346.12	|	79015797452040.58	|	35304697002129.38	|	30623479685381.23	|	13087620764529.96	|	300238196105427.25	|	0.45	|	0.55	|	0.36	|	1.80	|	141653401134755.19	|	
118		|	172830080886727.34	|	92103418216570.55	|	40958859753130.11	|	36748175622457.48	|	14396382840982.96	|	357036917319868.44	|	0.44	|	0.56	|	0.35	|	1.88	|	182612260887885.31	|	
119		|	209578256509184.81	|	106499801057553.50	|	46565969185523.27	|	44097810746948.97	|	15836021125081.26	|	422577858624291.81	|	0.44	|	0.56	|	0.34	|	1.97	|	229178230073408.59	|	
120		|	253676067256133.78	|	122335822182634.75	|	51998826048706.61	|	52917372896338.76	|	17419623237589.38	|	498347711621403.25	|	0.43	|	0.57	|	0.33	|	2.07	|	281177056122115.19	|	
121		|	306593440152472.56	|	139755445420224.14	|	57093012383269.31	|	63500847475606.51	|	19161585561348.32	|	586104330992920.88	|	0.41	|	0.59	|	0.31	|	2.19	|	338270068505384.50	|	
122		|	370094287628079.06	|	158917030981572.47	|	61638269893361.50	|	76201016970727.81	|	21077744117483.16	|	687928349591224.00	|	0.39	|	0.61	|	0.30	|	2.33	|	399908338398746.00	|	
123		|	446295304598806.88	|	179994775099055.62	|	65368036204950.78	|	91441220364873.38	|	23185518529231.48	|	806284854796918.12	|	0.36	|	0.64	|	0.29	|	2.48	|	465276374603696.75	|	
124		|	537736524963680.25	|	203180293628287.09	|	67946758808284.42	|	109729464437848.05	|	25504070382154.62	|	944097112220254.50	|	0.33	|	0.67	|	0.27	|	2.65	|	533223133411981.19	|	
125		|	647465989401528.25	|	228684364010441.72	|	68954529264653.97	|	131675357325417.66	|	28054477420370.09	|	1104834717422411.75	|	0.30	|	0.70	|	0.26	|	2.83	|	602177662676635.12	|	
126		|	779141346726945.88	|	256738841430811.81	|	67868487477903.53	|	158010428790501.19	|	30859925162407.10	|	1292619029588569.50	|	0.26	|	0.74	|	0.25	|	3.03	|	670046150154538.62	|	
127		|	937151775517447.00	|	287598766593218.94	|	64040334365969.72	|	189612514548601.41	|	33945917678647.82	|	1512349308703885.00	|	0.22	|	0.78	|	0.23	|	3.26	|	734086484520508.38	|	
128		|	1126764290066048.50	|	321544684271866.75	|	56669157367032.47	|	227535017458321.69	|	37340509446512.60	|	1769853658609782.00	|	0.18	|	0.82	|	0.22	|	3.50	|	790755641887540.88	|	
129		|	1354299307524370.25	|	358885193718379.38	|	44768612377229.50	|	273042020949986.00	|	41074560391163.87	|	2072069694961129.00	|	0.12	|	0.88	|	0.21	|	3.77	|	835524254264770.38	|	
130		|	1627341328474356.25	|	399959754109543.25	|	27127312539279.81	|	327650425139983.19	|	45182016430280.26	|	2427260836693443.00	|	0.07	|	0.93	|	0.20	|	4.07	|	862651566804050.25	|	
131		|	1954991753614339.50	|	445141770539823.50	|	2261042298535.38	|	393180510167979.81	|	49700218073308.29	|	2845275294693986.50	|	0.01	|	0.99	|	0.19	|	4.39	|	864912609102585.62	|	
132		|	2113355037404087.50	|	470099889182475.19	|	0.00	|	471816612201575.75	|	54670239880639.12	|	3078296915199694.50	|	0.00	|	1.06	|	0.19	|	4.75	|	867173651401121.00	|	
133		|	2326654484645097.00	|	498531622609958.56	|	0.00	|	566179934641890.88	|	60137263868703.04	|	3349956236318170.00	|	0.00	|	1.19	|	0.19	|	4.93	|	867173651401121.00	|	
134		|	2603550977358289.50	|	530735442154728.50	|	0.00	|	679415921570269.00	|	66150990255573.35	|	3692955305991679.50	|	0.00	|	1.33	|	0.18	|	5.18	|	867173651401121.00	|	
135		|	2954670209035702.50	|	567042110789786.75	|	0.00	|	815299105884322.75	|	762465079608773.62	|	4118598752235791.00	|	0.00	|	2.64	|	0.17	|	5.50	|	867173651401121.00	|	
136		|	3392972383428022.50	|	1263031830878632.50	|	0.00	|	978358927061187.25	|	838711587569651.00	|	5985511404705216.00	|	0.00	|	1.37	|	0.29	|	2.84	|	867173651401121.00	|	
137		|	4371331310489210.00	|	2101743418448283.50	|	5129959648242.50	|	1174030712473424.75	|	922582746326616.12	|	8574818147385778.00	|	0.00	|	1.00	|	0.32	|	2.08	|	872303611049363.50	|	
138		|	5545362022962635.00	|	3024326164774899.50	|	600648288847512.00	|	1408836854968109.75	|	1014841020959277.88	|	11594014352512434.00	|	0.20	|	0.80	|	0.35	|	1.83	|	1472951899896875.50	|	
139		|	6954198877930745.00	|	4039167185734177.50	|	1232237836717240.00	|	1690604225961731.75	|	1116325123055205.75	|	15032533249399100.00	|	0.31	|	0.69	|	0.37	|	1.72	|	2705189736614115.50	|	
140		|	8644803103892477.00	|	5155492308789383.00	|	1898809602274578.50	|	2028725071154078.00	|	1227957635360726.50	|	18955787721471244.00	|	0.37	|	0.63	|	0.37	|	1.68	|	4603999338888694.00	|	
141		|	10673528175046556.00	|	6383449944150110.00	|	2598226459868417.00	|	2434470085384893.50	|	1350753398896799.25	|	23440428063346776.00	|	0.41	|	0.59	|	0.37	|	1.67	|	7202225798757111.00	|	
142		|	13107998260431450.00	|	7734203343046909.00	|	3327010501798558.00	|	2921364102461872.00	|	1485828738786479.25	|	28576404946525268.00	|	0.43	|	0.57	|	0.37	|	1.69	|	10529236300555668.00	|	
143		|	16029362362893322.00	|	9220032081833388.00	|	4079983546214014.00	|	3505636922954246.50	|	1634411612665127.25	|	34469426526560100.00	|	0.44	|	0.56	|	0.37	|	1.74	|	14609219846769682.00	|	
144		|	19534999285847568.00	|	10854443694498516.00	|	4849826613021780.00	|	4206764307545095.50	|	1797852773931640.00	|	41243886674844600.00	|	0.45	|	0.55	|	0.36	|	1.80	|	19459046459791464.00	|	
145		|	23741763593392664.00	|	12652296468430156.00	|	5626541248051238.00	|	5048117169054114.00	|	1977638051324804.25	|	49046356530252976.00	|	0.44	|	0.56	|	0.35	|	1.88	|	25085587707842704.00	|	
146		|	28789880762446776.00	|	14629934519754960.00	|	6396792060432738.00	|	6057740602864937.00	|	2175401856457284.75	|	58049749801956696.00	|	0.44	|	0.56	|	0.34	|	1.97	|	31482379768275440.00	|	
147		|	34847621365311712.00	|	16805336376212244.00	|	7143105610671306.00	|	7269288723437924.00	|	2392942042103013.50	|	68458294117736192.00	|	0.43	|	0.57	|	0.33	|	2.07	|	38625485378946744.00	|	
148		|	42116910088749632.00	|	19198278418315256.00	|	7842895703876432.00	|	8723146468125508.00	|	2632236246313315.00	|	80513466925380144.00	|	0.41	|	0.59	|	0.31	|	2.19	|	46468381082823176.00	|	
149		|	50840056556875136.00	|	21830514664628572.00	|	8467279031933316.00	|	10467775761750610.00	|	2895459870944646.50	|	94501085886132288.00	|	0.39	|	0.61	|	0.30	|	2.33	|	54935660114756496.00	|	
150		|	61307832318625744.00	|	24725974535573220.00	|	8979637763433376.00	|	12561330914100732.00	|	3185005858039111.50	|	110759781389772176.00	|	0.36	|	0.64	|	0.29	|	2.48	|	63915297878189872.00	|	
151		|	73869163232726480.00	|	27910980393612332.00	|	9333876852848432.00	|	15073597096920878.00	|	3503506443843023.00	|	129691124019951152.00	|	0.33	|	0.67	|	0.27	|	2.65	|	73249174731038304.00	|	
152		|	88942760329647360.00	|	31414486837455356.00	|	9472313232922980.00	|	18088316516305052.00	|	3853857088227325.50	|	151771734004558080.00	|	0.30	|	0.70	|	0.26	|	2.83	|	82721487963961280.00	|	
153		|	107031076845952416.00	|	35268343925682680.00	|	9323121309066560.00	|	21705979819566060.00	|	4239242797050058.50	|	177567764697317792.00	|	0.26	|	0.74	|	0.25	|	3.03	|	92044609273027840.00	|	
154		|	128737056665518480.00	|	39507586722732736.00	|	8797243862498400.00	|	26047175783479272.00	|	4663167076755065.00	|	207752230110983936.00	|	0.22	|	0.78	|	0.23	|	3.26	|	100841853135526240.00	|	
155		|	154784232448997760.00	|	44170753799487800.00	|	7784659074882104.00	|	31256610940175124.00	|	5129483784430572.00	|	243125740047973376.00	|	0.18	|	0.82	|	0.22	|	3.50	|	108626512210408352.00	|	
156		|	186040843389172896.00	|	49300237583918368.00	|	6149872292834592.00	|	37507933128210144.00	|	5642432162873630.00	|	284641318557009632.00	|	0.12	|	0.88	|	0.21	|	3.77	|	114776384503242944.00	|	
157		|	223548776517383040.00	|	54942669746792000.00	|	3726474613778840.00	|	45009519753852168.00	|	6206675379160994.00	|	333434116010967040.00	|	0.07	|	0.93	|	0.20	|	4.07	|	118502859117021792.00	|	
158		|	268558296271235200.00	|	61149345125952992.00	|	310578504253296.00	|	54011423704622600.00	|	6827342917077094.00	|	390856986523141248.00	|	0.01	|	0.99	|	0.19	|	4.39	|	118813437621275088.00	|	
159		|	290312747978272000.00	|	64577853640878584.00	|	0.00	|	64813708445547120.00	|	7510077208784804.00	|	422867289662180672.00	|	0.00	|	1.06	|	0.19	|	4.75	|	119124016125528384.00	|	
160		|	319613810781437248.00	|	68483534307180216.00	|	0.00	|	77776450134656544.00	|	8261084929663285.00	|	460185275938280832.00	|	0.00	|	1.19	|	0.19	|	4.93	|	119124016125528384.00	|	
161		|	357651234824484480.00	|	72907388275001328.00	|	0.00	|	93331740161587856.00	|	9087193422629614.00	|	507303242336329344.00	|	0.00	|	1.33	|	0.18	|	5.18	|	119124016125528384.00	|	
162		|	405884677487465088.00	|	77894852612749392.00	|	0.00	|	111998088193905424.00	|	104740251315553296.00	|	565774111797845376.00	|	0.00	|	2.64	|	0.17	|	5.50	|	119124016125528384.00	|	
163		|	466094489113233472.00	|	173503348731887552.00	|	0.00	|	134397705832686496.00	|	115214276447108640.00	|	822232941773423744.00	|	0.00	|	1.37	|	0.29	|	2.84	|	119124016125528384.00	|	
164		|	600492194945920000.00	|	288717625178996224.00	|	704674087952928.00	|	161277246999223776.00	|	126735704091819520.00	|	1177927445303912448.00	|	0.00	|	1.00	|	0.32	|	2.08	|	119828690213481312.00	|	
165		|	761769441945143808.00	|	415453329270815744.00	|	82511358370745728.00	|	193532696399068512.00	|	139409274501001488.00	|	1592676100486775296.00	|	0.20	|	0.80	|	0.35	|	1.83	|	202340048584227040.00	|	
166		|	955302138344212352.00	|	554862603771817216.00	|	169273166141833344.00	|	232239235678882208.00	|	153350201951101664.00	|	2065027345887846656.00	|	0.31	|	0.69	|	0.37	|	1.72	|	371613214726060416.00	|	
167		|	1187541374023094528.00	|	708212805722918912.00	|	260840500762048448.00	|	278687082814658624.00	|	168685222146211840.00	|	2603966985468932096.00	|	0.37	|	0.63	|	0.37	|	1.68	|	632453715488108800.00	|	
168		|	1466228456837753088.00	|	876898027869130752.00	|	356919784130707392.00	|	334424499377590336.00	|	185553744360833024.00	|	3220024512576014336.00	|	0.41	|	0.59	|	0.37	|	1.67	|	989373499618816256.00	|	
169		|	1800652956215343360.00	|	1062451772229963776.00	|	457033254179939072.00	|	401309399253108416.00	|	204109118796916352.00	|	3925556500675270656.00	|	0.43	|	0.57	|	0.37	|	1.69	|	1446406753798755328.00	|	
170		|	2201962355468451840.00	|	1266560891026880000.00	|	560469581246541824.00	|	481571279103730112.00	|	224520030676608000.00	|	4735084137522211840.00	|	0.44	|	0.56	|	0.37	|	1.74	|	2006876335045297152.00	|	
171		|	2683533634572182016.00	|	1491080921703488000.00	|	666223353034743040.00	|	577885534924476160.00	|	246972033744268832.00	|	5665695477979158528.00	|	0.45	|	0.55	|	0.36	|	1.80	|	2673099688080039936.00	|	
172		|	3261419169496657920.00	|	1738052955447756800.00	|	772921076419689728.00	|	693462641909371392.00	|	271669237118695744.00	|	6737525080392171520.00	|	0.44	|	0.56	|	0.35	|	1.88	|	3446020764499729408.00	|	
173		|	3954881811406029312.00	|	2009722192566452480.00	|	878730861444641536.00	|	832155170291245696.00	|	298836160830565312.00	|	7974326196538934272.00	|	0.44	|	0.56	|	0.34	|	1.97	|	4324751625944371200.00	|	
174		|	4787036981697274880.00	|	2308558353397017600.00	|	981252372133900800.00	|	998586204349494784.00	|	328719776913621888.00	|	9404153688491311104.00	|	0.43	|	0.57	|	0.33	|	2.07	|	5306003998078271488.00	|	
175		|	5785623186046769152.00	|	2637278130310639616.00	|	1077382930486261760.00	|	1198303445219393792.00	|	361591754604984128.00	|	11060179446668048384.00	|	0.41	|	0.59	|	0.31	|	2.19	|	6383386928564533248.00	|	
176		|	6983926631266162688.00	|	2998869884915623936.00	|	1163154820586868992.00	|	1437964134263272448.00	|	397750930065482560.00	|	12981666401097410560.00	|	0.39	|	0.61	|	0.30	|	2.33	|	7546541749151401984.00	|	
177		|	8421890765529435136.00	|	3396620814981106688.00	|	1233537830793148928.00	|	1725556961115926784.00	|	437526023072030848.00	|	15215132395491647488.00	|	0.36	|	0.64	|	0.29	|	2.48	|	8780079579944550400.00	|	
178		|	10147447726645362688.00	|	3834146838053137408.00	|	1282199859334791168.00	|	2070668353339112192.00	|	481278625379233984.00	|	17815741402751639552.00	|	0.33	|	0.67	|	0.27	|	2.65	|	10062279439279341568.00	|	
179		|	12218116079984474112.00	|	4315425463432371200.00	|	1301216951508279296.00	|	2484802024006934528.00	|	529406487917157440.00	|	20848967006849216512.00	|	0.30	|	0.70	|	0.26	|	2.83	|	11363496390787620864.00	|	
180		|	14702918103991408640.00	|	4844831951349528576.00	|	1280722385832333824.00	|	2981762428808321536.00	|	582347136708873216.00	|	24392582006690463744.00	|	0.26	|	0.74	|	0.25	|	3.03	|	12644218776619954176.00	|	
181		|	17684680532799729664.00	|	5427179088058401792.00	|	1208482323108655616.00	|	3578114914569985536.00	|	640581850379760640.00	|	28539038708916531200.00	|	0.22	|	0.78	|	0.23	|	3.26	|	13852701099728609280.00	|	
182		|	21262795447369715712.00	|	6067760938438162432.00	|	1069383005536443392.00	|	4293737897483982336.00	|	704640035417736704.00	|	33398317324246040576.00	|	0.18	|	0.82	|	0.22	|	3.50	|	14922084105265053696.00	|	
183		|	25556533344853696512.00	|	6772400973855899648.00	|	844811457915610112.00	|	5152485476980779008.00	|	775104038959510400.00	|	39101335292565495808.00	|	0.12	|	0.88	|	0.21	|	3.77	|	15766895563180662784.00	|	
184		|	30709018821834473472.00	|	7547505012815410176.00	|	511907997583013888.00	|	6182982572376934400.00	|	852614442855461504.00	|	45804028847465299968.00	|	0.07	|	0.93	|	0.20	|	4.07	|	16278803560763676672.00	|	
185		|	36892001394211405824.00	|	8400119455670872064.00	|	42664481677543424.00	|	7419579086852321280.00	|	937875887141007744.00	|	53692240305553145856.00	|	0.01	|	0.99	|	0.19	|	4.39	|	16321468042441220096.00	|	
186		|	39880422432957358080.00	|	8871095575671284736.00	|	0.00	|	8903494904222785536.00	|	1031663475855108608.00	|	58089513351440523264.00	|	0.00	|	1.06	|	0.19	|	4.75	|	16364132524118763520.00	|	
187		|	43905525603462127616.00	|	9407621098950074368.00	|	0.00	|	10684193885067341824.00	|	1134829823440619520.00	|	63215905753938591744.00	|	0.00	|	1.19	|	0.19	|	4.93	|	16364132524118763520.00	|	
188		|	49130747539676520448.00	|	10015328376271159296.00	|	0.00	|	12821032662080808960.00	|	1248312805784681472.00	|	69688526838338371584.00	|	0.00	|	1.33	|	0.18	|	5.18	|	16364132524118763520.00	|	
189		|	55756602181581594624.00	|	10700459122953050112.00	|	0.00	|	15385239194496970752.00	|	14388226120647180288.00	|	77720702486590488576.00	|	0.00	|	2.64	|	0.17	|	5.50	|	16364132524118763520.00	|	
190		|	64027657238470705152.00	|	23834250981420220416.00	|	0.00	|	18462287033396363264.00	|	15827048732711899136.00	|	112950593463491166208.00	|	0.00	|	1.37	|	0.29	|	2.84	|	16364132524118763520.00	|	
191		|	82489944271867068416.00	|	39661299714132115456.00	|	96801668073390080.00	|	22154744440075636736.00	|	17409753605983090688.00	|	161812543700131315712.00	|	0.00	|	1.00	|	0.32	|	2.08	|	16460934192192153600.00	|	
192		|	104644688711942701056.00	|	57071053320115208192.00	|	11334631025443045376.00	|	26585693328090763264.00	|	19150728966581399552.00	|	218786795352173117440.00	|	0.20	|	0.80	|	0.35	|	1.83	|	27795565217635196928.00	|	
193		|	131230382040033460224.00	|	76221782286696611840.00	|	23253148429748158464.00	|	31902831993708916736.00	|	21065801863239540736.00	|	283673946613426683904.00	|	0.31	|	0.69	|	0.37	|	1.72	|	51048713647383355392.00	|	
194		|	163133214033742364672.00	|	97287584149936144384.00	|	35831803707921956864.00	|	38283398392450695168.00	|	23172382049563496448.00	|	357708382333614686208.00	|	0.37	|	0.63	|	0.37	|	1.68	|	86880517355305304064.00	|	
195		|	201416612426193043456.00	|	120459966199499636736.00	|	49030267874038956032.00	|	45940078070940835840.00	|	25489620254519848960.00	|	442336544825192349696.00	|	0.41	|	0.59	|	0.37	|	1.67	|	135910785229344260096.00	|	
196		|	247356690497133871104.00	|	145949586454019489792.00	|	62782910488918654976.00	|	55128093685129003008.00	|	28038582279971835904.00	|	539255863405172883456.00	|	0.43	|	0.57	|	0.37	|	1.69	|	198693695718262898688.00	|	
197		|	302484784182262890496.00	|	173988168733991337984.00	|	76992015803867512832.00	|	66153712422154805248.00	|	30842440507969024000.00	|	650461121650245632000.00	|	0.44	|	0.56	|	0.37	|	1.74	|	275685711522130427904.00	|	
198		|	368638496604417687552.00	|	204830609241960349696.00	|	91519469776608657408.00	|	79384454906585759744.00	|	33926684558765928448.00	|	778299715088338386944.00	|	0.45	|	0.55	|	0.36	|	1.80	|	367205181298739118080.00	|	
199		|	448022951511003430912.00	|	238757293800726265856.00	|	106176594898180833280.00	|	95261345887902908416.00	|	37319353014642524160.00	|	925537539112455897088.00	|	0.44	|	0.56	|	0.35	|	1.88	|	473381776196919951360.00	|	
200		|	543284297398906322944.00	|	276076646815368806400.00	|	120711743433778528256.00	|	114313615065483493376.00	|	41051288316106776576.00	|	1095437591029644001280.00	|	0.44	|	0.56	|	0.34	|	1.97	|	594093519630698545152.00	|	
201		|	657597912464389832704.00	|	317127935131475574784.00	|	134795179905177944064.00	|	137176338078580178944.00	|	45156417147717459968.00	|	1291853782727340851200.00	|	0.43	|	0.57	|	0.33	|	2.07	|	728888699535876423680.00	|	
202		|	794774250542970044416.00	|	362284352279193059328.00	|	148000687722407657472.00	|	164611605694296195072.00	|	49672058862489206784.00	|	1519342955101356032000.00	|	0.41	|	0.59	|	0.31	|	2.19	|	876889387258284081152.00	|	
203		|	959385856237266272256.00	|	411956411141682233344.00	|	159783219559788642304.00	|	197533926833155440640.00	|	54639264748738134016.00	|	1783298678520630738944.00	|	0.39	|	0.61	|	0.30	|	2.33	|	1036672606818072788992.00	|	
204		|	1156919783070421745664.00	|	466595675890420350976.00	|	169451772467021873152.00	|	237040712199786528768.00	|	60103191223611949056.00	|	2090111134851262316544.00	|	0.36	|	0.64	|	0.29	|	2.48	|	1206124379285094662144.00	|	
205		|	1393960495270208208896.00	|	526698867114032300032.00	|	176136502128315334656.00	|	284448854639743827968.00	|	66113510345973145600.00	|	2447358229498272677888.00	|	0.33	|	0.67	|	0.27	|	2.65	|	1382260881413410127872.00	|	
206		|	1678409349909952069632.00	|	592812377460005404672.00	|	178748890511742402560.00	|	341338625567692554240.00	|	72724861380570464256.00	|	2864034104829962878976.00	|	0.30	|	0.70	|	0.26	|	2.83	|	1561009771925152464896.00	|	
207		|	2019747975477644492800.00	|	665537238840575918080.00	|	175933540640717340672.00	|	409606350681231065088.00	|	79997347518627512320.00	|	3350822453158796591104.00	|	0.26	|	0.74	|	0.25	|	3.03	|	1736943312565869740032.00	|	
208		|	2429354326158875820032.00	|	745534586359203495936.00	|	166009883271236026368.00	|	491527620817477238784.00	|	87997082270490263552.00	|	3920423498877283336192.00	|	0.22	|	0.78	|	0.23	|	3.26	|	1902953195837105635328.00	|	
209		|	2920881946976352993280.00	|	833531668629693792256.00	|	146901733151181897728.00	|	589833144980972634112.00	|	96796790497539293184.00	|	4587945284235740315648.00	|	0.18	|	0.82	|	0.22	|	3.50	|	2049854928988287533056.00	|	
210		|	3510715091957325496320.00	|	930328459127233052672.00	|	116052215602772705280.00	|	707799773977167134720.00	|	106476469547293229056.00	|	5371372010211791339520.00	|	0.12	|	0.88	|	0.21	|	3.77	|	2165907144591060238336.00	|	
211		|	4218514865934492499968.00	|	1036804928674526265344.00	|	70321083399903117312.00	|	849359728772600561664.00	|	117124116502022553600.00	|	6292124723283545292800.00	|	0.07	|	0.93	|	0.20	|	4.07	|	2236228227990963355648.00	|	
212		|	5067874594707092799488.00	|	1153929045176548851712.00	|	5860842497203372032.00	|	1019231674527120621568.00	|	128836528152224825344.00	|	7375732685060190502912.00	|	0.01	|	0.99	|	0.19	|	4.39	|	2242089070488166858752.00	|	
213		|	5478395642310791528448.00	|	1218627294662334873600.00	|	0.00	|	1223078009432544641024.00	|	141720180967447314432.00	|	7979788510301899456512.00	|	0.00	|	1.06	|	0.19	|	4.75	|	2247949912985370099712.00	|	
214		|	6031326286569002762240.00	|	1292330101848292982784.00	|	0.00	|	1467693611319053516800.00	|	155892199064192057344.00	|	8684003864047077294080.00	|	0.00	|	1.19	|	0.19	|	4.93	|	2247949912985370099712.00	|	
215		|	6749117908099250782208.00	|	1375811185866860920832.00	|	0.00	|	1761232333582864220160.00	|	171481418970611286016.00	|	9573151394878596317184.00	|	0.00	|	1.33	|	0.18	|	5.18	|	2247949912985370099712.00	|	
216		|	7659315217513904603136.00	|	1469927974595598483456.00	|	0.00	|	2113478800299437064192.00	|	1976518564126587879424.00	|	10676535796946975064064.00	|	0.00	|	2.64	|	0.17	|	5.50	|	2247949912985370099712.00	|	
217		|	8795514616032007290880.00	|	3274124211786076913664.00	|	0.00	|	2536174560359324581888.00	|	2174170420539246772224.00	|	15516085366540271091712.00	|	0.00	|	1.37	|	0.29	|	2.84	|	2247949912985370099712.00	|	
218		|	11331689176391332397056.00	|	5448294632325323423744.00	|	13297697300961820672.00	|	3043409472431189393408.00	|	2391587462593171685376.00	|	22228278441041981341696.00	|	0.00	|	1.00	|	0.32	|	2.08	|	2261247610286331920384.00	|	
219		|	14375098648822521266176.00	|	7839882094918495109120.00	|	1557044519148578668544.00	|	3652091366917427167232.00	|	2630746208852489273344.00	|	30054862838659511484416.00	|	0.20	|	0.80	|	0.35	|	1.83	|	3818292129434910588928.00	|	
220		|	18027190015739947909120.00	|	10470628303770983858176.00	|	3194297833732333109248.00	|	4382509640300912181248.00	|	2893820829737738567680.00	|	38968446623281917722624.00	|	0.31	|	0.69	|	0.37	|	1.72	|	7012589963167243698176.00	|	
221		|	22409699656040861138944.00	|	13364449133508723474432.00	|	4922234652436117585920.00	|	5259011568361093988352.00	|	3183202912711512424448.00	|	49138597923058308087808.00	|	0.37	|	0.63	|	0.37	|	1.68	|	11934824615603360235520.00	|	
222		|	27668711224401956175872.00	|	16547652046220236423168.00	|	6735314960204259393536.00	|	6310813882033312366592.00	|	3501523203982664138752.00	|	60764015316842429022208.00	|	0.41	|	0.59	|	0.37	|	1.67	|	18670139575807619629056.00	|	
223		|	33979525106435268542464.00	|	20049175250202898989056.00	|	8624523067381994487808.00	|	7572976658439974420480.00	|	3851675524380930605056.00	|	74077875606841066520576.00	|	0.43	|	0.57	|	0.37	|	1.69	|	27294662643189614116864.00	|	
224		|	41552501764875245060096.00	|	23900850774583829069824.00	|	10576435707636835418112.00	|	9087571990127969304576.00	|	4236843076819023822848.00	|	89354203314042903199744.00	|	0.44	|	0.56	|	0.37	|	1.74	|	37871098350826445340672.00	|	
225		|	50640073755003210170368.00	|	28137693851402853416960.00	|	12572080078748364308480.00	|	10905086388153561907200.00	|	4660527384500926676992.00	|	106915461457808917004288.00	|	0.45	|	0.55	|	0.36	|	1.80	|	50443178429574805454848.00	|	
226		|	61545160143156769980416.00	|	32798221235903778521088.00	|	14585537447168483262464.00	|	13086103665784274288640.00	|	5126580122951019921408.00	|	127141602614964318633984.00	|	0.44	|	0.56	|	0.35	|	1.88	|	65028715876743284523008.00	|	
227		|	74631263808941040074752.00	|	37924801358854799491072.00	|	16582238824667545600000.00	|	15703324398941129146368.00	|	5639238135246122647552.00	|	150480866526650639056896.00	|	0.44	|	0.56	|	0.34	|	1.97	|	81610954701410830123008.00	|	
228		|	90334588207882177609728.00	|	43564039494100924235776.00	|	18516888266600836235264.00	|	18843989278729353297920.00	|	6203161948770735751168.00	|	177462667196084042858496.00	|	0.43	|	0.57	|	0.33	|	2.07	|	100127842968011674746880.00	|	
229		|	109178577486611522519040.00	|	49767201442871658938368.00	|	20330936164748625969152.00	|	22612787134475223957504.00	|	6823478143647810060288.00	|	208712980372354806841344.00	|	0.41	|	0.59	|	0.31	|	2.19	|	120458779132760292327424.00	|	
230		|	131791364621086746476544.00	|	56590679586519467950080.00	|	21949509067136609288192.00	|	27135344561370267910144.00	|	7505825958012591800320.00	|	244972723794125682376704.00	|	0.39	|	0.61	|	0.30	|	2.33	|	142408288199896897421312.00	|	
231		|	158926709182457018580992.00	|	64096505544532058701824.00	|	23277683517073886543872.00	|	32562413473644320653312.00	|	8256408553813851504640.00	|	287119720271521135984640.00	|	0.36	|	0.64	|	0.29	|	2.48	|	165685971716970792353792.00	|	
232		|	191489122656101351817216.00	|	72352914098345906012160.00	|	24195968520777480798208.00	|	39074896168373186461696.00	|	9082049409195237703680.00	|	336194950852793197395968.00	|	0.33	|	0.67	|	0.27	|	2.65	|	189881940237748281540608.00	|	
233		|	230564018824474538278912.00	|	81434963507541136375808.00	|	24554833755378550833152.00	|	46889875402047820398592.00	|	9990254350114763046912.00	|	393433945839556777476096.00	|	0.30	|	0.70	|	0.26	|	2.83	|	214436773993126840762368.00	|	
234		|	277453894226522341900288.00	|	91425217857655893131264.00	|	24168087590072267833344.00	|	56267850482457386156032.00	|	10989279785126241239040.00	|	460304329941834161717248.00	|	0.26	|	0.74	|	0.25	|	3.03	|	238604861583199108595712.00	|	
235		|	333721744708979719667712.00	|	102414497642782140661760.00	|	22804869300194413379584.00	|	67521420578948865064960.00	|	12088207763638866411520.00	|	538550739994544000991232.00	|	0.22	|	0.78	|	0.23	|	3.26	|	261409730883393538752512.00	|	
236		|	401243165287928559566848.00	|	114502705406421011267584.00	|	20179972171679622234112.00	|	81025704694738638077952.00	|	13297028540002755149824.00	|	630248576100770582102016.00	|	0.18	|	0.82	|	0.22	|	3.50	|	281589703055073160986624.00	|	
237		|	482268869982667180867584.00	|	127799733946423762223104.00	|	15942156918734368800768.00	|	97230845633686358982656.00	|	14626731394003032342528.00	|	737868337875514671759360.00	|	0.12	|	0.88	|	0.21	|	3.77	|	297531859973807529787392.00	|	
238		|	579499715616353539850240.00	|	142426465340426796662784.00	|	9660046046599839744000.00	|	116677014760423627423744.00	|	16089404533403337883648.00	|	864352646297207133175808.00	|	0.07	|	0.93	|	0.20	|	4.07	|	307191906020407335976960.00	|	
239		|	696176730376777116942336.00	|	158515869873830142935040.00	|	805107174578132615168.00	|	140012417712508339486720.00	|	17698344986743672930304.00	|	1013208470124437335703552.00	|	0.01	|	0.99	|	0.19	|	4.39	|	307997013194985468592128.00	|	
240		|	752570233280357021515776.00	|	167403504117545107980288.00	|	0.00	|	168014901255010007384064.00	|	19468179485418042949632.00	|	1096187952258476010373120.00	|	0.00	|	1.06	|	0.19	|	4.75	|	308802120369563601207296.00	|	
241		|	828526621081830359564288.00	|	177528099422815008063488.00	|	0.00	|	201617881506011995439104.00	|	21414997433959848083456.00	|	1192926404107608560500736.00	|	0.00	|	1.19	|	0.19	|	4.93	|	308802120369563601207296.00	|	
242		|	927130052329058139635712.00	|	188995942013936102014976.00	|	0.00	|	241941457807214381105152.00	|	23556497177355835408384.00	|	1315069091199769122963456.00	|	0.00	|	1.33	|	0.18	|	5.18	|	308802120369563601207296.00	|	
243		|	1052164359122645208268800.00	|	201924817231727309094912.00	|	0.00	|	290329749368657250615296.00	|	271515446127357232939008.00	|	1466641615545664412844032.00	|	0.00	|	2.64	|	0.17	|	5.50	|	308802120369563601207296.00	|	
244		|	1208244697642172122398720.00	|	449768250191130264600576.00	|	0.00	|	348395699242388714160128.00	|	298666990740092993142784.00	|	2131453211192386861924352.00	|	0.00	|	1.37	|	0.29	|	2.84	|	308802120369563601207296.00	|	
245		|	1556640396884560836558848.00	|	748435240931223190634496.00	|	1826712026254474739712.00	|	418074839090866430148608.00	|	328533689814102285746176.00	|	3053510878747007217827840.00	|	0.00	|	1.00	|	0.32	|	2.08	|	310628832395818075947008.00	|	
246		|	1974715235975427132489728.00	|	1076968930745325476380672.00	|	213892065040773165350912.00	|	501689806909039689334784.00	|	361387058795512554586112.00	|	4128653097466078085251072.00	|	0.20	|	0.80	|	0.35	|	1.83	|	524520897436591241297920.00	|	
247		|	2476405042884466687606784.00	|	1438355989540837963857920.00	|	438802456574926493057024.00	|	602027768290847613779968.00	|	397525764675063857020928.00	|	5353117021966142615322624.00	|	0.31	|	0.69	|	0.37	|	1.72	|	963323354011517734354944.00	|	
248		|	3078432811175314368495616.00	|	1835881754215901753769984.00	|	676170091124314448330752.00	|	722433321949017109692416.00	|	437278341142570262855680.00	|	6750196319607118412906496.00	|	0.37	|	0.63	|	0.37	|	1.68	|	1639493445135832182685696.00	|	
249		|	3800866133124331478188032.00	|	2273160095358471949516800.00	|	925233933762824148877312.00	|	866919986338820477943808.00	|	481006175256827322695680.00	|	8347186323841275377221632.00	|	0.41	|	0.59	|	0.37	|	1.67	|	2564727378898656331563008.00	|	
250		|	4667786119463151687696384.00	|	2754166270615299003777024.00	|	1184755494226204267905024.00	|	1040303983606584546689024.00	|	529106792782510122074112.00	|	10176118660693749695250432.00	|	0.43	|	0.57	|	0.37	|	1.69	|	3749482873124860867903488.00	|	
251		|	5708090103069736368603136.00	|	3283273063397809327177728.00	|	1452890811009146569097216.00	|	1248364780327901509713920.00	|	582017472060761181257728.00	|	12274636229865353949216768.00	|	0.44	|	0.56	|	0.37	|	1.74	|	5202373684134007437000704.00	|	
252		|	6956454883397637341446144.00	|	3865290535458570575544320.00	|	1727033579798251444371456.00	|	1498037736393481811656704.00	|	640219219266837319516160.00	|	14687035954314779566276608.00	|	0.45	|	0.55	|	0.36	|	1.80	|	6929407263932258881372160.00	|	
253		|	8454492619791119153102848.00	|	4505509754725407895060480.00	|	2003623329859708615917568.00	|	1797645283672178227675136.00	|	704241141193521051467776.00	|	17465512129241936016965632.00	|	0.44	|	0.56	|	0.35	|	1.88	|	8933030593791967497289728.00	|	
254		|	10252137903463297112342528.00	|	5209750895918929214963712.00	|	2277911300199441997234176.00	|	2157174340406613819523072.00	|	774665255312873263988736.00	|	20671639695301153394786304.00	|	0.44	|	0.56	|	0.34	|	1.97	|	11210941893991408957652992.00	|	
255		|	12409312243869910663430144.00	|	5984416151231802344734720.00	|	2543675161899705103810560.00	|	2588609208487936476053504.00	|	852131780844160630652928.00	|	24378144546333515352899584.00	|	0.43	|	0.57	|	0.33	|	2.07	|	13754617055891114598334464.00	|	
256		|	14997921452357848213225472.00	|	6836547932075962572734464.00	|	2792871922961862335922176.00	|	3106331050185523556515840.00	|	937344958928576814514176.00	|	28671017316509775506178048.00	|	0.41	|	0.59	|	0.31	|	2.19	|	16547488978852976934256640.00	|	
257		|	18104252502543370695999488.00	|	7773892891004539253030912.00	|	3015216175960476314763264.00	|	3727597260222628267819008.00	|	1031079454821434536230912.00	|	33652038284552447054577664.00	|	0.39	|	0.61	|	0.30	|	2.33	|	19562705154813454859632640.00	|	
258		|	21831849762765996816334848.00	|	8804972345825973386608640.00	|	3197668233255241488793600.00	|	4473116712267153491886080.00	|	1134187400303578137493504.00	|	39441794454417945737035776.00	|	0.36	|	0.64	|	0.29	|	2.48	|	22760373388068696348426240.00	|	
259		|	26304966475033148160737280.00	|	9939159746129551792537600.00	|	3323813551075031892623360.00	|	5367740054720584190263296.00	|	1247606140333935978086400.00	|	46183285967292251745812480.00	|	0.33	|	0.67	|	0.27	|	2.65	|	26084186939143729314791424.00	|	
260		|	31672706529753732351000576.00	|	11186765886463488575930368.00	|	3373111066431458159624192.00	|	6441288065664701243064320.00	|	1372366754367329710112768.00	|	54046238302680709502861312.00	|	0.30	|	0.70	|	0.26	|	2.83	|	29457298005575187474415616.00	|	
261		|	38113994595418432520323072.00	|	12559132640830818822914048.00	|	3319983532229115133296640.00	|	7729545678797641491677184.00	|	1509603429804062734811136.00	|	63232259877080070166151168.00	|	0.26	|	0.74	|	0.25	|	3.03	|	32777281537804304755195904.00	|	
262		|	45843540274216076159483904.00	|	14068736070634881020854272.00	|	3132717483293241524617216.00	|	9275454814557169575264256.00	|	1660563772784469115666432.00	|	73981012415485838201192448.00	|	0.22	|	0.78	|	0.23	|	3.26	|	35909999021097546279813120.00	|	
263		|	55118995088773246808489984.00	|	15729299843419349868085248.00	|	2772133915887831934304256.00	|	11130545777468602631323648.00	|	1826620150062916107763712.00	|	86577594775611955134595072.00	|	0.18	|	0.82	|	0.22	|	3.50	|	38682132936985378214117376.00	|	
264		|	66249540866241851587297280.00	|	17555919993482265170542592.00	|	2189982895450734106509312.00	|	13356654932962322728091648.00	|	2009282165069207799070720.00	|	101361380853206386223349760.00	|	0.12	|	0.88	|	0.21	|	3.77	|	40872115832436114468110336.00	|	
265		|	79606195799204172167905280.00	|	19565202158551473506484224.00	|	1327005857420557277986816.00	|	16027985919554786844213248.00	|	2210210381576128847413248.00	|	118736600116307127770808320.00	|	0.07	|	0.93	|	0.20	|	4.07	|	42199121689856673893580800.00	|	
266		|	95634181718758956864634880.00	|	21775412540127602890768384.00	|	110598016928116784496640.00	|	19233583103465743783559168.00	|	2431231419733741785841664.00	|	139185006799014162646171648.00	|	0.01	|	0.99	|	0.19	|	4.39	|	42309719706784794973044736.00	|	
267		|	103380988340002237240573952.00	|	22996311761868274194710528.00	|	0.00	|	23080299724158889963290624.00	|	2674354561707116125487104.00	|	150583944061731858796249088.00	|	0.00	|	1.06	|	0.19	|	4.75	|	42420317723712916052508672.00	|	
268		|	113815159257745021355425792.00	|	24387133007396618280894464.00	|	0.00	|	27696359668990668814942208.00	|	2941790017877828167532544.00	|	163872958588717041767677952.00	|	0.00	|	1.19	|	0.19	|	4.93	|	42420317723712916052508672.00	|	
269		|	127360367034062127595782144.00	|	25962476874010719804194816.00	|	0.00	|	33235631602788800000950272.00	|	3235969019665611145347072.00	|	180651766933347275057922048.00	|	0.00	|	1.33	|	0.18	|	5.18	|	42420317723712916052508672.00	|	
270		|	144536398773165826676621312.00	|	27738523598992512630390784.00	|	0.00	|	39882757923346558283153408.00	|	37298226702210109634772992.00	|	201473368265834645560492032.00	|	0.00	|	2.64	|	0.17	|	5.50	|	42420317723712916052508672.00	|	
271		|	165977241026861137873862656.00	|	61784912786142492440395776.00	|	0.00	|	47859309508015871657771008.00	|	41028049372431121886740480.00	|	292798904114206278349225984.00	|	0.00	|	1.37	|	0.29	|	2.84	|	42420317723712916052508672.00	|	
272		|	213836550534877000941699072.00	|	102812962158573614327136256.00	|	250936439280341134344192.00	|	57431171409619047707312128.00	|	45130854309674234075414528.00	|	419462474852024229595971584.00	|	0.00	|	1.00	|	0.32	|	2.08	|	42671254162993257186852864.00	|	
273		|	271267721944496057238945792.00	|	147943816468247848402550784.00	|	29382471036063335388807168.00	|	68917405691542858966761472.00	|	49643939740641662636916736.00	|	567155354880991754044047360.00	|	0.20	|	0.80	|	0.35	|	1.83	|	72053725199056592575660032.00	|	
274		|	340185127636038924795641856.00	|	197587756208889493859598336.00	|	60278535664332242788810752.00	|	82700886829851420452192256.00	|	54608333714705830618595328.00	|	735360640053817912514838528.00	|	0.31	|	0.69	|	0.37	|	1.72	|	132332260863388835364470784.00	|	
275		|	422886014465890310888095744.00	|	252196089923595341658062848.00	|	92885858641597197665173504.00	|	99241064195821707978604544.00	|	60069167086176418834415616.00	|	927278194313080994204221440.00	|	0.37	|	0.63	|	0.37	|	1.68	|	225218119504986050209513472.00	|	
276		|	522127078661712001686831104.00	|	312265257009771726132740096.00	|	127099896179991626148478976.00	|	119089277034986046138351616.00	|	66076083794794062435844096.00	|	1146657592681255453952311296.00	|	0.41	|	0.59	|	0.37	|	1.67	|	352318015684977676357992448.00	|	
277		|	641216355696698030645313536.00	|	378341340804565797158518784.00	|	162750516188309098023878656.00	|	142907132441983241622126592.00	|	72683692174273474692382720.00	|	1397899037305829624962351104.00	|	0.43	|	0.57	|	0.37	|	1.69	|	515068531873286774381871104.00	|	
278		|	784123488138681237907701760.00	|	451025032978839289030770688.00	|	199584412656758578640584704.00	|	171488558930379896818499584.00	|	79952061391700830751555584.00	|	1686173554096359815969243136.00	|	0.44	|	0.56	|	0.37	|	1.74	|	714652944530045353022455808.00	|	
279		|	955612047069061169085939712.00	|	530977094370540136962195456.00	|	237243556123213334927376384.00	|	205786270716455855566356480.00	|	87947267530870929288593408.00	|	2017566235810141443010330624.00	|	0.45	|	0.55	|	0.36	|	1.80	|	951896500653258687949832192.00	|	
280		|	1161398317785517059012034560.00	|	618924361901411049070919680.00	|	275238842757705977840009216.00	|	246943524859747026679627776.00	|	96741994283958027371413504.00	|	2399247041588339019714920448.00	|	0.44	|	0.56	|	0.35	|	1.88	|	1227135343410964734509318144.00	|	
281		|	1408341842645264154411139072.00	|	715666356185369093622202368.00	|	312917932641318812600238080.00	|	296332229831696418271657984.00	|	106416193712353845570437120.00	|	2839674555016002616533450752.00	|	0.44	|	0.56	|	0.34	|	1.97	|	1540053276052283547109556224.00	|	
282		|	1704674072476960503963320320.00	|	822082549897722887653031936.00	|	349426061016097916085862400.00	|	355598675798035715669884928.00	|	117057813083589238717415424.00	|	3348839172272406279269384192.00	|	0.43	|	0.57	|	0.33	|	2.07	|	1889479337068381463195418624.00	|	
283		|	2060272748274996288352681984.00	|	939140362981312074830839808.00	|	383658357631721096387493888.00	|	426718410957642817572175872.00	|	128763594391948178051039232.00	|	3938553474237620438014361600.00	|	0.41	|	0.59	|	0.31	|	2.19	|	2273137694700102697021865984.00	|	
284		|	2486991159232638899766427648.00	|	1067903957373260304421486592.00	|	414201910392945925760745472.00	|	512062093149171353598820352.00	|	141639953831143007882051584.00	|	4622799073979158958853586944.00	|	0.39	|	0.61	|	0.30	|	2.33	|	2687339605093048622782611456.00	|	
285		|	2999053252381810253365248000.00	|	1209543911204403329483407360.00	|	439265450211140460060082176.00	|	614474511779005596830793728.00	|	155803949214257306952269824.00	|	5418141074790616912332062720.00	|	0.36	|	0.64	|	0.29	|	2.48	|	3126605055304188807964786688.00	|	
286		|	3613527764160815987634995200.00	|	1365347860418660739514892288.00	|	456594102148170899771097088.00	|	737369414134806743684743168.00	|	171384344135683061699313664.00	|	6344223484998136916908965888.00	|	0.33	|	0.67	|	0.27	|	2.65	|	3583199157452359570296930304.00	|	
287		|	4350897178295622868758691840.00	|	1536732204554343835573944320.00	|	463366129043324392462876672.00	|	884843296961768119909482496.00	|	188522778549251391921061888.00	|	7424361587404311089662394368.00	|	0.30	|	0.70	|	0.26	|	2.83	|	4046565286495683962759806976.00	|	
288		|	5235740475257390576351313920.00	|	1725254983103595296214482944.00	|	456067970345297193008627712.00	|	1061811956354121661428006912.00	|	207375056404176544857063424.00	|	8686250441464581718536093696.00	|	0.26	|	0.74	|	0.25	|	3.03	|	4502633256840981430646341632.00	|	
289		|	6297552431611511825462460416.00	|	1932630039507771875431284736.00	|	430343129838231891969310720.00	|	1274174347624945828786864128.00	|	228112562044594223394586624.00	|	10162812510627055576325029888.00	|	0.22	|	0.78	|	0.23	|	3.26	|	4932976386679213047737745408.00	|	
290		|	7571726779236457104493510656.00	|	2160742601552366030106394624.00	|	380809566153377492907327488.00	|	1529009217149934884593074176.00	|	250923818249053652605992960.00	|	11893211982341188614950486016.00	|	0.18	|	0.82	|	0.22	|	3.50	|	5313785952832590265767165952.00	|	
291		|	9100735996386391439330770944.00	|	2411666419801419682712387584.00	|	300839159147538748358524928.00	|	1834811060579921916487270400.00	|	276016200073959052226330624.00	|	13924068835989231354511360000.00	|	0.12	|	0.88	|	0.21	|	3.77	|	5614625111980128739247783936.00	|	
292		|	10935547056966313080940134400.00	|	2687682619875378700578979840.00	|	182291527098117453653213184.00	|	2201773272695906299784724480.00	|	303617820081354981500780544.00	|	16310912296717070482098094080.00	|	0.07	|	0.93	|	0.20	|	4.07	|	5796916639078246192900997120.00	|	
293		|	13137320329662219930480672768.00	|	2991300439956733647720022016.00	|	15192910632155481196462080.00	|	2642127927235087559741669376.00	|	333979602089490538062413824.00	|	19119921209575686126409089024.00	|	0.01	|	0.99	|	0.19	|	4.39	|	5812109549710401674097459200.00	|	
294		|	14201503431207576631248945152.00	|	3159016039943913096752398336.00	|	0.00	|	3170553512682104851787677696.00	|	367377562298439598740602880.00	|	20685799513197715082014883840.00	|	0.00	|	1.06	|	0.19	|	4.75	|	5827302460342557155293921280.00	|	
295		|	15634851249500713664586448896.00	|	3350073922130234892355633152.00	|	0.00	|	3804664215218525602242887680.00	|	404115318528283592974401536.00	|	22511318773873302695544094720.00	|	0.00	|	1.19	|	0.19	|	4.93	|	5827302460342557155293921280.00	|	
296		|	17495563918247317649120821248.00	|	3566479778625592090335117312.00	|	0.00	|	4565597058262230722691465216.00	|	444526850381112014119370752.00	|	24816232937531426919115915264.00	|	0.00	|	1.33	|	0.18	|	5.18	|	5827302460342557155293921280.00	|	
297		|	19855044878858590675900825600.00	|	3810456297556368861436051456.00	|	0.00	|	5478716469914676647327432704.00	|	5123677989490004296286076928.00	|	27676507805421667421362585600.00	|	0.00	|	2.64	|	0.17	|	5.50	|	5827302460342557155293921280.00	|	
298		|	22800385213895941580465897472.00	|	8487427572694054169982533632.00	|	0.00	|	6574459763897612196695244800.00	|	5636045788439004945817010176.00	|	40221947073636372206705442816.00	|	0.00	|	1.37	|	0.29	|	2.84	|	5827302460342557155293921280.00	|	
299		|	29374844977793554876672770048.00	|	14123473361133059115799543808.00	|	34471277173018049806073856.00	|	7889351716677134636034293760.00	|	6199650367282906429959176192.00	|	57621791700059668710225346560.00	|	0.00	|	1.00	|	0.32	|	2.08	|	5861773737515575205099995136.00	|	
300		|	37264196694470691711730319360.00	|	20323123728415965545758720000.00	|	4036286264392206029953171456.00	|	9467222060012561563241152512.00	|	6819615404011197952564396032.00	|	77910444151302622803247759360.00	|	0.20	|	0.80	|	0.35	|	1.83	|	9898060001907781235053166592.00	|	
