1	|	200000.00	|	100000.00	|	75000.00	|	20000.00	|	5000.00	|	400000.00	|	0.75	|	0.25	|	0.33	|	
2	|	220000.00	|	105000.00	|	78800.00	|	22000.00	|	5250.00	|	431050.00	|	0.74	|	0.26	|	0.33	|	
3	|	242000.00	|	110250.00	|	82753.52	|	24200.00	|	5512.50	|	464716.03	|	0.74	|	0.26	|	0.32	|	
4	|	266200.00	|	115762.50	|	86862.09	|	26620.00	|	5788.12	|	501232.72	|	0.73	|	0.27	|	0.31	|	
5	|	292820.00	|	121550.62	|	91126.54	|	29282.00	|	6077.53	|	540856.69	|	0.72	|	0.28	|	0.31	|	
6	|	322102.00	|	127628.16	|	95546.87	|	32210.20	|	6381.41	|	583868.63	|	0.71	|	0.29	|	0.30	|	
7	|	354312.20	|	134009.56	|	100122.15	|	35431.22	|	6700.48	|	630575.62	|	0.70	|	0.30	|	0.29	|	
8	|	389743.42	|	140710.04	|	104850.37	|	38974.34	|	7035.50	|	681313.67	|	0.70	|	0.30	|	0.28	|	
9	|	428717.76	|	147745.54	|	109728.20	|	42871.78	|	7387.28	|	736450.56	|	0.69	|	0.31	|	0.28	|	
10	|	471589.54	|	155132.82	|	114750.89	|	47158.95	|	7756.64	|	796388.84	|	0.68	|	0.32	|	0.27	|	
11	|	518748.49	|	162889.46	|	119911.98	|	51874.85	|	8144.47	|	861569.26	|	0.67	|	0.33	|	0.26	|	
12	|	570623.34	|	171033.94	|	125203.12	|	57062.33	|	8551.70	|	932474.43	|	0.66	|	0.34	|	0.26	|	
13	|	627685.68	|	179585.63	|	130613.74	|	62768.57	|	8979.28	|	1009632.89	|	0.65	|	0.35	|	0.25	|	
14	|	690454.24	|	188564.91	|	136130.79	|	69045.42	|	9428.25	|	1093623.62	|	0.63	|	0.37	|	0.24	|	
15	|	759499.67	|	197993.16	|	141738.41	|	75949.97	|	9899.66	|	1185080.86	|	0.62	|	0.38	|	0.24	|	
16	|	835449.63	|	207892.82	|	147417.50	|	83544.96	|	10394.64	|	1284699.56	|	0.61	|	0.39	|	0.23	|	
17	|	918994.60	|	218287.46	|	153145.38	|	91899.46	|	10914.37	|	1393241.27	|	0.60	|	0.40	|	0.23	|	
18	|	1010894.06	|	229201.83	|	158895.25	|	101089.41	|	11460.09	|	1511540.63	|	0.59	|	0.41	|	0.22	|	
19	|	1111983.46	|	240661.92	|	164635.71	|	111198.35	|	12033.10	|	1640512.54	|	0.57	|	0.43	|	0.21	|	
20	|	1223181.81	|	252695.02	|	170330.18	|	122318.18	|	12634.75	|	1781159.94	|	0.56	|	0.44	|	0.21	|	
21	|	1345499.99	|	265329.77	|	175936.26	|	134550.00	|	13266.49	|	1934582.50	|	0.54	|	0.46	|	0.20	|	
22	|	1480049.99	|	278596.26	|	181404.97	|	148005.00	|	13929.81	|	2101986.03	|	0.53	|	0.47	|	0.20	|	
23	|	1628054.99	|	292526.07	|	186680.04	|	162805.50	|	14626.30	|	2284692.90	|	0.51	|	0.49	|	0.19	|	
24	|	1790860.49	|	307152.38	|	191696.94	|	179086.05	|	15357.62	|	2484153.47	|	0.50	|	0.50	|	0.18	|	
25	|	1969946.54	|	322509.99	|	196381.96	|	196994.65	|	16125.50	|	2701958.64	|	0.48	|	0.52	|	0.18	|	
26	|	2166941.19	|	338635.49	|	200651.10	|	216694.12	|	16931.77	|	2939853.68	|	0.46	|	0.54	|	0.17	|	
27	|	2383635.31	|	355567.27	|	204408.86	|	238363.53	|	17778.36	|	3199753.33	|	0.44	|	0.56	|	0.17	|	
28	|	2621998.84	|	373345.63	|	207546.91	|	262199.88	|	18667.28	|	3483758.54	|	0.42	|	0.58	|	0.16	|	
29	|	2884198.72	|	392012.91	|	209942.60	|	288419.87	|	19600.65	|	3794174.76	|	0.41	|	0.59	|	0.16	|	
30	|	3172618.59	|	411613.56	|	211457.35	|	317261.86	|	20580.68	|	4133532.04	|	0.38	|	0.62	|	0.15	|	
31	|	3489880.45	|	432194.24	|	211934.78	|	348988.05	|	21609.71	|	4504607.23	|	0.36	|	0.64	|	0.15	|	
32	|	3838868.50	|	453803.95	|	211198.71	|	383886.85	|	22690.20	|	4910448.20	|	0.34	|	0.66	|	0.14	|	
33	|	4222755.35	|	476494.15	|	209050.94	|	422275.53	|	23824.71	|	5354400.68	|	0.32	|	0.68	|	0.14	|	
34	|	4645030.88	|	500318.85	|	205268.80	|	464503.09	|	25015.94	|	5840137.57	|	0.30	|	0.70	|	0.14	|	
35	|	5109533.97	|	525334.80	|	199602.36	|	510953.40	|	26266.74	|	6371691.27	|	0.27	|	0.73	|	0.13	|	
36	|	5620487.37	|	551601.54	|	191771.44	|	562048.74	|	27580.08	|	6953489.16	|	0.25	|	0.75	|	0.13	|	
37	|	6182536.11	|	579181.61	|	181462.28	|	618253.61	|	28959.08	|	7590392.69	|	0.22	|	0.78	|	0.12	|	
38	|	6800789.72	|	608140.69	|	168323.80	|	680078.97	|	30407.03	|	8287740.22	|	0.19	|	0.81	|	0.12	|	
39	|	7480868.69	|	638547.73	|	151963.55	|	748086.87	|	31927.39	|	9051394.22	|	0.16	|	0.84	|	0.11	|	
40	|	8228955.56	|	670475.12	|	131943.15	|	822895.56	|	33523.76	|	9887793.13	|	0.13	|	0.87	|	0.11	|	
41	|	9051851.11	|	703998.87	|	107773.33	|	905185.11	|	35199.94	|	10804008.37	|	0.10	|	0.90	|	0.11	|	
42	|	9957036.22	|	739198.81	|	78908.41	|	995703.62	|	36959.94	|	11807807.01	|	0.07	|	0.93	|	0.10	|	
43	|	10952739.85	|	776158.76	|	44740.15	|	1095273.98	|	38807.94	|	12907720.68	|	0.04	|	0.96	|	0.10	|	
44	|	12048013.83	|	814966.69	|	4591.09	|	1204801.38	|	40748.33	|	14113121.34	|	0.00	|	1.00	|	0.10	|	
45	|	13252815.22	|	855715.03	|	0.00	|	1325281.52	|	492.81	|	15434304.57	|	0.00	|	1.00	|	0.09	|	
46	|	14578096.74	|	856207.84	|	0.00	|	1339803.22	|	0.00	|	16774107.80	|	0.00	|	1.00	|	0.09	|	
47	|	15917899.96	|	856207.84	|	0.00	|	1353201.25	|	0.00	|	18127309.05	|	0.00	|	1.00	|	0.08	|	
48	|	17271101.21	|	856207.84	|	0.00	|	1366733.27	|	0.00	|	19494042.32	|	0.00	|	1.00	|	0.08	|	
49	|	18637834.48	|	856207.84	|	0.00	|	1380400.60	|	0.00	|	20874442.92	|	0.00	|	1.00	|	0.07	|	
50	|	20018235.08	|	856207.84	|	0.00	|	1394204.61	|	0.00	|	22268647.52	|	0.00	|	1.00	|	0.07	|	
51	|	21412439.69	|	856207.84	|	0.00	|	1408146.65	|	0.00	|	23676794.18	|	0.00	|	1.00	|	0.06	|	
52	|	22820586.34	|	856207.84	|	0.00	|	1422228.12	|	0.00	|	25099022.29	|	0.00	|	1.00	|	0.06	|	
53	|	24242814.46	|	856207.84	|	0.00	|	1436450.40	|	0.00	|	26535472.69	|	0.00	|	1.00	|	0.06	|	
54	|	25679264.86	|	856207.84	|	0.00	|	1450814.90	|	0.00	|	27986287.60	|	0.00	|	1.00	|	0.05	|	
55	|	27130079.76	|	856207.84	|	0.00	|	1465323.05	|	0.00	|	29451610.65	|	0.00	|	1.00	|	0.05	|	
56	|	28595402.82	|	856207.84	|	0.00	|	1479976.28	|	0.00	|	30931586.94	|	0.00	|	1.00	|	0.05	|	
57	|	30075379.10	|	856207.84	|	0.00	|	1494776.05	|	0.00	|	32426362.98	|	0.00	|	1.00	|	0.05	|	
58	|	31570155.15	|	856207.84	|	0.00	|	1509723.81	|	0.00	|	33936086.79	|	0.00	|	1.00	|	0.05	|	
59	|	33079878.95	|	856207.84	|	0.00	|	1524821.04	|	0.00	|	35460907.83	|	0.00	|	1.00	|	0.04	|	
60	|	34604700.00	|	856207.84	|	0.00	|	1540069.26	|	0.00	|	37000977.09	|	0.00	|	1.00	|	0.04	|	
61	|	36144769.25	|	856207.84	|	0.00	|	1555469.95	|	0.00	|	38556447.04	|	0.00	|	1.00	|	0.04	|	
62	|	37700239.20	|	856207.84	|	0.00	|	1571024.65	|	0.00	|	40127471.68	|	0.00	|	1.00	|	0.04	|	
63	|	39271263.85	|	856207.84	|	0.00	|	1586734.89	|	0.00	|	41714206.58	|	0.00	|	1.00	|	0.04	|	
64	|	40857998.74	|	856207.84	|	0.00	|	1602602.24	|	0.00	|	43316808.82	|	0.00	|	1.00	|	0.04	|	
65	|	42460600.99	|	856207.84	|	0.00	|	1618628.27	|	0.00	|	44935437.09	|	0.00	|	1.00	|	0.04	|	
66	|	44079229.25	|	856207.84	|	0.00	|	1634814.55	|	0.00	|	46570251.63	|	0.00	|	1.00	|	0.04	|	
67	|	45714043.80	|	856207.84	|	0.00	|	1651162.69	|	0.00	|	48221414.33	|	0.00	|	1.00	|	0.04	|	
68	|	47365206.49	|	856207.84	|	0.00	|	1667674.32	|	0.00	|	49889088.65	|	0.00	|	1.00	|	0.03	|	
69	|	49032880.81	|	856207.84	|	0.00	|	1684351.06	|	0.00	|	51573439.71	|	0.00	|	1.00	|	0.03	|	
70	|	50717231.88	|	856207.84	|	0.00	|	1701194.57	|	0.00	|	53274634.28	|	0.00	|	1.00	|	0.03	|	
71	|	52418426.45	|	856207.84	|	0.00	|	1718206.52	|	0.00	|	54992840.80	|	0.00	|	1.00	|	0.03	|	
72	|	54136632.97	|	856207.84	|	0.00	|	1735388.59	|	0.00	|	56728229.39	|	0.00	|	1.00	|	0.03	|	
73	|	55872021.55	|	856207.84	|	0.00	|	1752742.47	|	0.00	|	58480971.86	|	0.00	|	1.00	|	0.03	|	
74	|	57624764.03	|	856207.84	|	0.00	|	1770269.90	|	0.00	|	60251241.76	|	0.00	|	1.00	|	0.03	|	
75	|	59395033.92	|	856207.84	|	0.00	|	1787972.59	|	0.00	|	62039214.35	|	0.00	|	1.00	|	0.03	|	
76	|	61183006.52	|	856207.84	|	0.00	|	1805852.32	|	0.00	|	63845066.67	|	0.00	|	1.00	|	0.03	|	
77	|	62988858.84	|	856207.84	|	0.00	|	1823910.84	|	0.00	|	65668977.52	|	0.00	|	1.00	|	0.03	|	
78	|	64812769.68	|	856207.84	|	0.00	|	1842149.95	|	0.00	|	67511127.47	|	0.00	|	1.00	|	0.03	|	
79	|	66654919.63	|	856207.84	|	0.00	|	1860571.45	|	0.00	|	69371698.92	|	0.00	|	1.00	|	0.03	|	
80	|	68515491.08	|	856207.84	|	0.00	|	1879177.17	|	0.00	|	71250876.09	|	0.00	|	1.00	|	0.03	|	
81	|	70394668.25	|	856207.84	|	0.00	|	1897968.94	|	0.00	|	73148845.02	|	0.00	|	1.00	|	0.03	|	
82	|	72292637.19	|	856207.84	|	0.00	|	1916948.63	|	0.00	|	75065793.65	|	0.00	|	1.00	|	0.03	|	
83	|	74209585.81	|	856207.84	|	0.00	|	1936118.11	|	0.00	|	77001911.76	|	0.00	|	1.00	|	0.03	|	
84	|	76145703.93	|	856207.84	|	0.00	|	1955479.29	|	0.00	|	78957391.06	|	0.00	|	1.00	|	0.03	|	
85	|	78101183.22	|	856207.84	|	0.00	|	1975034.09	|	0.00	|	80932425.15	|	0.00	|	1.00	|	0.03	|	
86	|	80076217.31	|	856207.84	|	0.00	|	1994784.43	|	0.00	|	82927209.57	|	0.00	|	1.00	|	0.02	|	
87	|	82071001.74	|	856207.84	|	0.00	|	2014732.27	|	0.00	|	84941941.85	|	0.00	|	1.00	|	0.02	|	
88	|	84085734.01	|	856207.84	|	0.00	|	2034879.60	|	0.00	|	86976821.44	|	0.00	|	1.00	|	0.02	|	
89	|	86120613.61	|	856207.84	|	0.00	|	2055228.39	|	0.00	|	89032049.83	|	0.00	|	1.00	|	0.02	|	
90	|	88175842.00	|	856207.84	|	0.00	|	2075780.68	|	0.00	|	91107830.51	|	0.00	|	1.00	|	0.02	|	
91	|	90251622.67	|	856207.84	|	0.00	|	2096538.48	|	0.00	|	93204368.99	|	0.00	|	1.00	|	0.02	|	
92	|	92348161.16	|	856207.84	|	0.00	|	2117503.87	|	0.00	|	95321872.86	|	0.00	|	1.00	|	0.02	|	
93	|	94465665.02	|	856207.84	|	0.00	|	2138678.91	|	0.00	|	97460551.76	|	0.00	|	1.00	|	0.02	|	
94	|	96604343.93	|	856207.84	|	0.00	|	2160065.69	|	0.00	|	99620617.46	|	0.00	|	1.00	|	0.02	|	
95	|	98764409.62	|	856207.84	|	0.00	|	2181666.35	|	0.00	|	101802283.81	|	0.00	|	1.00	|	0.02	|	
96	|	100946075.97	|	856207.84	|	0.00	|	2203483.02	|	0.00	|	104005766.83	|	0.00	|	1.00	|	0.02	|	
97	|	103149558.99	|	856207.84	|	0.00	|	2225517.85	|	0.00	|	106231284.67	|	0.00	|	1.00	|	0.02	|	
98	|	105375076.84	|	856207.84	|	0.00	|	2247773.02	|	0.00	|	108479057.69	|	0.00	|	1.00	|	0.02	|	
99	|	107622849.86	|	856207.84	|	0.00	|	2270250.75	|	0.00	|	110749308.45	|	0.00	|	1.00	|	0.02	|	
100	|	109893100.61	|	856207.84	|	0.00	|	2292953.26	|	0.00	|	113042261.71	|	0.00	|	1.00	|	0.02	|	
